0.0,0.0893,0.0468,0.0456,0.0344,0.0156,0.0401,0.0289,0.0862,0.0607,0.0363,0.0087,0.0321,0.0409,0.0194,0.0585,0.0249,0.0008,0.0213,0.0852,0.1315,0.0126,0.0018,0.0545,0.0,0.0237,0.0003
0.0797,0.0007,0.0157,0.0536,0.0304,0.0,0.0056,0.0253,0.0062,0.0341,0.0001,0.0237,0.0953,0.024,0.166,0.0012,0.0196,0.0,0.1043,0.0631,0.1225,0.029,0.0169,0.0097,0.0005,0.0684,0.0043
0.0262,0.1841,0.0134,0.0,0.0,0.2494,0.0,0.0,0.0012,0.0213,0.0012,0.0,0.0896,0.0,0.003,0.1561,0.0,0.0,0.0634,0.0122,0.0,0.1268,0.0,0.0134,0.0,0.0384,0.0
0.0209,0.1292,0.0,0.0015,0.0007,0.1311,0.0,0.0,0.1128,0.0478,0.0,0.158,0.0904,0.0011,0.0,0.1397,0.0,0.0,0.0784,0.0007,0.0478,0.0347,0.0,0.0,0.0,0.0049,0.0
0.4629,0.0436,0.0019,0.0027,0.0109,0.0963,0.0013,0.0045,0.0005,0.0947,0.0019,0.0,0.008,0.0021,0.0096,0.1365,0.0005,0.0003,0.0301,0.0527,0.0029,0.0093,0.0,0.0024,0.0,0.0245,0.0
0.3518,0.064,0.0024,0.0133,0.0464,0.042,0.0044,0.0018,0.0064,0.005,0.0014,0.0013,0.0267,0.0138,0.0604,0.0035,0.0131,0.0001,0.1724,0.0891,0.0377,0.0008,0.0142,0.0058,0.009,0.0129,0.0003
0.2842,0.0812,0.0005,0.0015,0.0024,0.0543,0.0602,0.0005,0.0015,0.09,0.001,0.0005,0.0484,0.0005,0.0,0.1468,0.0005,0.0,0.1429,0.0015,0.0279,0.0504,0.0,0.002,0.0,0.0015,0.0
0.4771,0.0502,0.0003,0.0003,0.0,0.0896,0.0003,0.0067,0.1221,0.0413,0.0022,0.0,0.0302,0.0003,0.0118,0.0747,0.0003,0.0,0.0353,0.0137,0.0013,0.0407,0.0,0.0006,0.0,0.001,0.0
0.0662,0.1311,0.0006,0.0,0.0003,0.4423,0.0,0.0,0.0021,0.21,0.0003,0.0001,0.0004,0.0,0.001,0.0829,0.0,0.0,0.014,0.0049,0.0309,0.0081,0.0,0.0,0.0,0.0047,0.0
0.0405,0.0102,0.0013,0.036,0.0382,0.0348,0.0137,0.0371,0.0,0.0,0.0,0.013,0.0451,0.0531,0.3531,0.0233,0.0093,0.0,0.0252,0.1252,0.122,0.0005,0.0157,0.0,0.0004,0.0,0.0022
0.0,0.0214,0.0,0.0,0.0,0.0117,0.0,0.0,0.0,0.0049,0.0,0.0,0.0,0.0,0.0,0.8216,0.0,0.0,0.0,0.0,0.0,0.1404,0.0,0.0,0.0,0.0,0.0
0.2005,0.0158,0.0004,0.0,0.0,0.49,0.0004,0.0012,0.0035,0.1184,0.0015,0.0008,0.0305,0.0004,0.0359,0.0008,0.0,0.0,0.0,0.0925,0.0019,0.0004,0.0,0.0039,0.0,0.0015,0.0
0.1412,0.0931,0.0016,0.0011,0.047,0.1279,0.0197,0.0002,0.0016,0.1249,0.0002,0.0255,0.1622,0.0079,0.0005,0.1412,0.0054,0.0,0.0009,0.0246,0.0054,0.0097,0.0027,0.009,0.0,0.0463,0.0002
0.2423,0.1233,0.0135,0.0021,0.0004,0.2092,0.0029,0.0007,0.0011,0.067,0.0018,0.0,0.0007,0.0075,0.0,0.1447,0.0342,0.0,0.0068,0.0396,0.0011,0.0659,0.0,0.0007,0.0,0.0346,0.0
0.2201,0.0202,0.0007,0.0217,0.1299,0.0681,0.0024,0.2081,0.0003,0.0305,0.0021,0.0231,0.004,0.0003,0.0195,0.0615,0.0001,0.0001,0.0001,0.0368,0.1212,0.0108,0.0021,0.0004,0.0003,0.0153,0.0001
0.1068,0.0029,0.006,0.0126,0.0196,0.0095,0.0515,0.0022,0.0016,0.0076,0.0007,0.1118,0.0192,0.0662,0.1062,0.0569,0.0323,0.0,0.0814,0.0336,0.0466,0.1292,0.0187,0.0681,0.0013,0.0072,0.0001
0.1841,0.1239,0.0015,0.0,0.0015,0.1229,0.0005,0.0,0.0819,0.0733,0.0,0.0,0.0754,0.0005,0.0,0.0541,0.0516,0.0,0.0541,0.0784,0.0349,0.0481,0.0,0.0,0.0,0.0132,0.0
0.0,0.0,0.0,0.0,0.0,0.0,0.0,0.0,0.0,0.0,0.0,0.0,0.0,0.0,0.0,0.0,0.0,0.0,0.0,0.0,0.0,1.0,0.0,0.0,0.0,0.0,0.0
0.3123,0.0858,0.0036,0.0031,0.0221,0.1704,0.0022,0.003,0.0013,0.057,0.0012,0.0237,0.005,0.0067,0.026,0.092,0.0021,0.0004,0.0362,0.0549,0.0393,0.0186,0.0039,0.0028,0.0,0.0264,0.0
0.5033,0.0162,0.0006,0.011,0.0005,0.0883,0.0005,0.0001,0.0539,0.0435,0.0008,0.0091,0.0093,0.0139,0.0102,0.0514,0.0135,0.0022,0.0003,0.0241,0.1249,0.0138,0.0,0.005,0.0,0.0037,0.0001
0.2866,0.0506,0.0004,0.0092,0.0007,0.0645,0.001,0.0004,0.2823,0.0533,0.0007,0.0,0.006,0.0063,0.0007,0.1035,0.0004,0.0,0.0299,0.0461,0.0195,0.0149,0.0054,0.0059,0.0,0.0117,0.0
0.1118,0.0131,0.0174,0.0287,0.0354,0.0186,0.0075,0.0653,0.0012,0.0154,0.0,0.0006,0.0496,0.0128,0.0981,0.0113,0.0775,0.0006,0.1605,0.1158,0.1399,0.0009,0.0,0.0,0.0,0.0177,0.0003
0.0699,0.0362,0.0,0.0,0.0,0.6934,0.0,0.0,0.0026,0.1539,0.0,0.0,0.0,0.0,0.0,0.0323,0.0,0.0,0.0,0.0,0.0013,0.0013,0.0,0.0,0.0,0.0091,0.0
0.1155,0.2762,0.0004,0.0004,0.0177,0.113,0.0033,0.0004,0.1447,0.0978,0.0004,0.0049,0.0062,0.0008,0.1028,0.0818,0.0,0.0,0.0115,0.0218,0.0004,0.0,0.0,0.0,0.0,0.0,0.0
0.097,0.0373,0.0,0.1194,0.0,0.0149,0.0,0.0,0.0224,0.1119,0.0,0.0,0.0,0.0,0.0,0.0,0.0448,0.0,0.0,0.0,0.5299,0.0149,0.0,0.0,0.0,0.0075,0.0
0.5207,0.002,0.0138,0.0016,0.0004,0.0608,0.0024,0.0016,0.0012,0.0389,0.002,0.0012,0.0032,0.0045,0.0365,0.22,0.0016,0.0,0.0045,0.049,0.0259,0.0008,0.0008,0.0065,0.0,0.0,0.0
0.0667,0.04,0.0,0.0,0.0,0.28,0.0,0.0,0.0,0.2667,0.0,0.0,0.0,0.0,0.0,0.0533,0.0,0.0,0.0,0.0,0.0,0.0,0.0,0.0,0.0,0.2,0.0933
